BoneCount: 81
RootBone: 0
BoneName: RootNode
BoneIndex: 0
BoneParentIndex: -1
BoneChildrenCount: 2
1
80
1.000000 0.000000 0.000000 0.000000
0.000000 1.000000 0.000000 0.000000
0.000000 0.000000 1.000000 0.000000
0.000000 0.000000 0.000000 1.000000
1.000000 0.000000 -0.000000 0.000000
0.000000 1.000000 -0.000000 0.000000
-0.000000 -0.000000 1.000000 -0.000000
0.000000 0.000000 -0.000000 1.000000
BoneName: Armature
BoneIndex: 1
BoneParentIndex: 0
BoneChildrenCount: 1
2
1.000000 0.000000 0.000000 0.000000
0.000000 1.000000 0.000000 0.000000
0.000000 0.000000 1.000000 0.000000
0.000000 0.000000 0.000000 1.000000
1.000000 0.000000 -0.000000 0.000000
0.000000 1.000000 -0.000000 0.000000
-0.000000 -0.000000 1.000000 -0.000000
0.000000 0.000000 -0.000000 1.000000
BoneName: mixamorig:Hips
BoneIndex: 2
BoneParentIndex: 1
BoneChildrenCount: 3
3
68
74
1.000000 0.000000 -0.000000 0.000000
0.000000 1.000000 0.000000 0.000000
-0.000000 0.000000 1.000000 -0.000000
0.000000 -1.032666 0.014691 1.000000
0.691014 0.069760 -0.719467 0.000000
-0.001192 0.995441 0.095373 0.000000
0.722841 -0.065047 0.687947 -0.000000
0.004868 0.880190 0.008386 1.000000
BoneName: mixamorig:Spine
BoneIndex: 3
BoneParentIndex: 2
BoneChildrenCount: 1
4
1.000000 -0.000000 -0.000000 0.000000
0.000000 0.997344 -0.072829 0.000000
-0.000000 0.072829 0.997344 -0.000000
0.000000 -1.139120 0.089860 1.000000
0.991548 -0.013190 0.129065 0.000000
0.024828 0.995724 -0.088983 0.000000
-0.127339 0.091435 0.987636 -0.000000
-0.000000 0.109973 0.008031 1.000000
BoneName: mixamorig:Spine1
BoneIndex: 4
BoneParentIndex: 3
BoneChildrenCount: 1
5
1.000000 -0.000000 -0.000000 0.000000
0.000000 0.997344 -0.072829 0.000000
-0.000000 0.072829 0.997344 -0.000000
0.000000 -1.267764 0.089860 1.000000
0.999723 -0.013967 0.018939 0.000000
0.014677 0.999174 -0.037896 0.000000
-0.018394 0.038164 0.999102 -0.000000
-0.000000 0.128644 -0.000000 1.000000
BoneName: mixamorig:Spine2
BoneIndex: 5
BoneParentIndex: 4
BoneChildrenCount: 3
6
10
39
1.000000 -0.000000 -0.000000 0.000000
0.000000 0.997344 -0.072829 0.000000
-0.000000 0.072829 0.997344 -0.000000
0.000000 -1.414785 0.089860 1.000000
0.999731 -0.013603 0.018777 0.000000
0.014312 0.999169 -0.038169 0.000000
-0.018243 0.038428 0.999095 -0.000000
-0.000000 0.147021 0.000000 1.000000
BoneName: mixamorig:Neck
BoneIndex: 6
BoneParentIndex: 5
BoneChildrenCount: 1
7
1.000000 -0.000000 -0.000000 0.000000
0.000000 1.000000 0.000000 0.000000
-0.000000 0.000000 1.000000 -0.000000
0.000000 -1.582533 -0.025462 1.000000
0.970444 0.095853 0.221473 0.000000
-0.077035 0.992764 -0.092117 0.000000
-0.228700 0.072333 0.970806 -0.000000
0.000000 0.165400 0.000000 1.000000
BoneName: mixamorig:Head
BoneIndex: 7
BoneParentIndex: 6
BoneChildrenCount: 1
8
1.000000 0.000000 -0.000000 0.000000
0.000000 1.000000 0.000000 0.000000
-0.000000 0.000000 1.000000 -0.000000
0.000000 -1.644418 -0.002246 1.000000
0.936427 -0.017902 0.350406 0.000000
0.067621 0.989183 -0.130172 0.000000
-0.344285 0.145591 0.927508 -0.000000
0.000000 0.061885 -0.023216 1.000000
BoneName: mixamorig:HeadTop_End
BoneIndex: 8
BoneParentIndex: 7
BoneChildrenCount: 1
9
1.000000 0.000000 -0.000000 0.000000
0.000000 1.000000 0.000000 0.000000
-0.000000 0.000000 1.000000 -0.000000
0.000000 -1.881596 0.086732 1.000000
1.000000 0.000000 -0.000000 0.000000
0.000000 1.000000 -0.000000 0.000000
-0.000000 -0.000000 1.000000 -0.000000
-0.000000 0.237178 -0.088978 1.000000
BoneName: mixamorig:HeadTop_End_end
BoneIndex: 9
BoneParentIndex: 8
BoneChildrenCount: 0
1.000000 0.000000 0.000000 0.000000
0.000000 1.000000 0.000000 0.000000
0.000000 0.000000 1.000000 0.000000
0.000000 0.000000 0.000000 1.000000
1.000000 0.000000 -0.000000 0.000000
0.000000 1.000000 -0.000000 0.000000
-0.000000 -0.000000 1.000000 -0.000000
0.000000 0.253319 -0.000000 1.000000
BoneName: mixamorig:LeftShoulder
BoneIndex: 10
BoneParentIndex: 5
BoneChildrenCount: 1
11
-0.015629 0.965663 0.259327 0.000000
-0.072794 -0.259769 0.962923 0.000000
0.997225 -0.003829 0.074354 -0.000000
0.089812 0.328521 -1.525832 1.000000
-0.087080 0.022012 0.995958 0.000000
0.919494 -0.382929 0.088857 0.000000
0.383337 0.923515 0.013106 -0.000000
0.079853 0.144036 0.001244 1.000000
BoneName: mixamorig:LeftArm
BoneIndex: 11
BoneParentIndex: 10
BoneChildrenCount: 1
12
-0.082585 0.988259 0.128543 0.000000
-0.054597 -0.133276 0.989574 0.000000
0.995087 0.074706 0.064962 -0.000000
0.078212 -0.035302 -1.534858 1.000000
0.617997 0.069471 -0.783105 0.000000
-0.567456 0.728823 -0.383159 0.000000
0.544126 0.681169 0.489832 -0.000000
0.000000 0.164434 -0.000000 1.000000
BoneName: mixamorig:LeftForeArm
BoneIndex: 12
BoneParentIndex: 11
BoneChildrenCount: 1
13
0.145256 0.988952 0.029573 0.000000
-0.083587 -0.017517 0.996347 0.000000
0.985857 -0.147197 0.080119 -0.000000
0.020812 -0.406343 -1.501694 1.000000
-0.275661 0.956873 -0.091678 0.000000
-0.957636 -0.281639 -0.060102 0.000000
-0.083330 0.071226 0.993973 -0.000000
-0.000000 0.207029 -0.000000 1.000000
BoneName: mixamorig:LeftHand
BoneIndex: 13
BoneParentIndex: 12
BoneChildrenCount: 5
14
19
24
29
34
0.198904 0.938503 0.282221 0.000000
-0.303694 -0.214773 0.928247 0.000000
0.931776 -0.270341 0.242298 -0.000000
0.308862 -0.361728 -1.583340 1.000000
0.994300 0.029196 0.102546 0.000000
0.002082 0.956277 -0.292455 0.000000
-0.106601 0.291001 0.950765 -0.000000
0.000000 0.284808 -0.000000 1.000000
BoneName: mixamorig:LeftHandThumb1
BoneIndex: 14
BoneParentIndex: 13
BoneChildrenCount: 1
15
0.740903 0.494091 0.454904 0.000000
-0.371337 -0.263012 0.890468 0.000000
0.559617 -0.828673 -0.011392 -0.000000
0.017065 -0.013890 -1.652875 1.000000
0.695814 0.711241 -0.099897 0.000000
-0.657860 0.575326 -0.486026 0.000000
-0.288208 0.403902 0.868216 -0.000000
-0.027703 0.032605 -0.013720 1.000000
BoneName: mixamorig:LeftHandThumb2
BoneIndex: 15
BoneParentIndex: 14
BoneChildrenCount: 1
16
0.740902 0.421606 0.522793 0.000000
-0.371339 -0.391451 0.841946 0.000000
0.559618 -0.817933 -0.133469 -0.000000
0.018118 0.194469 -1.642151 1.000000
0.731478 -0.669598 -0.128758 0.000000
0.672302 0.739758 -0.027700 0.000000
0.113797 -0.066303 0.991289 -0.000000
-0.001051 0.035929 -0.000000 1.000000
BoneName: mixamorig:LeftHandThumb3
BoneIndex: 16
BoneParentIndex: 15
BoneChildrenCount: 1
17
0.740903 0.393539 0.544234 0.000000
-0.371337 -0.435174 0.820203 0.000000
0.559618 -0.809785 -0.176286 -0.000000
0.018446 0.245644 -1.631493 1.000000
0.968795 -0.204229 0.140454 0.000000
0.132713 0.905988 0.401962 0.000000
-0.209343 -0.370779 0.904820 -0.000000
-0.000331 0.034937 0.000000 1.000000
BoneName: mixamorig:LeftHandThumb4
BoneIndex: 17
BoneParentIndex: 16
BoneChildrenCount: 1
18
0.740903 0.393539 0.544234 0.000000
-0.371337 -0.435174 0.820203 0.000000
0.559618 -0.809785 -0.176286 -0.000000
0.017064 0.219418 -1.631493 1.000000
1.000000 0.000000 -0.000000 0.000000
0.000000 1.000000 -0.000000 0.000000
-0.000000 -0.000000 1.000000 -0.000000
0.001382 0.026226 -0.000000 1.000000
BoneName: mixamorig:LeftHandThumb4_end
BoneIndex: 18
BoneParentIndex: 17
BoneChildrenCount: 0
1.000000 0.000000 0.000000 0.000000
0.000000 1.000000 0.000000 0.000000
0.000000 0.000000 1.000000 0.000000
0.000000 0.000000 0.000000 1.000000
1.000000 0.000000 -0.000000 0.000000
0.000000 1.000000 -0.000000 0.000000
-0.000000 -0.000000 1.000000 -0.000000
0.000000 0.026263 -0.000000 1.000000
BoneName: mixamorig:LeftHandIndex1
BoneIndex: 19
BoneParentIndex: 13
BoneChildrenCount: 1
20
0.399579 0.848693 0.346492 0.000000
-0.343352 -0.211903 0.914990 0.000000
0.849968 -0.484580 0.206728 -0.000000
0.230403 -0.413086 -1.618624 1.000000
0.998939 0.045126 -0.009202 0.000000
-0.038532 0.709481 -0.703670 0.000000
-0.025225 0.703278 0.710467 -0.000000
-0.032589 0.107565 -0.000038 1.000000
BoneName: mixamorig:LeftHandIndex2
BoneIndex: 20
BoneParentIndex: 19
BoneChildrenCount: 1
21
0.399580 0.696281 0.596262 0.000000
-0.343351 -0.489419 0.801610 0.000000
0.849968 -0.525035 0.043507 -0.000000
0.229309 0.090904 -1.675322 1.000000
0.974206 -0.168577 0.150018 0.000000
0.156307 0.024598 -0.987402 0.000000
0.162763 0.985382 0.050313 -0.000000
0.001094 0.028531 -0.000000 1.000000
BoneName: mixamorig:LeftHandIndex3
BoneIndex: 21
BoneParentIndex: 20
BoneChildrenCount: 1
22
0.399580 0.700752 0.591001 0.000000
-0.343352 -0.483367 0.805274 0.000000
0.849968 -0.524693 0.047461 -0.000000
0.229921 0.051423 -1.675758 1.000000
0.993656 -0.092098 0.064538 0.000000
0.108318 0.629470 -0.769438 0.000000
0.030239 0.771548 0.635452 -0.000000
-0.000612 0.026860 0.000000 1.000000
BoneName: mixamorig:LeftHandIndex4
BoneIndex: 22
BoneParentIndex: 21
BoneChildrenCount: 1
23
0.399580 0.700752 0.591001 0.000000
-0.343352 -0.483367 0.805274 0.000000
0.849968 -0.524693 0.047461 -0.000000
0.230403 0.028925 -1.675758 1.000000
1.000000 0.000000 -0.000000 0.000000
0.000000 1.000000 -0.000000 0.000000
-0.000000 -0.000000 1.000000 -0.000000
-0.000481 0.022498 -0.000000 1.000000
BoneName: mixamorig:LeftHandIndex4_end
BoneIndex: 23
BoneParentIndex: 22
BoneChildrenCount: 0
1.000000 0.000000 0.000000 0.000000
0.000000 1.000000 0.000000 0.000000
0.000000 0.000000 1.000000 0.000000
0.000000 0.000000 0.000000 1.000000
1.000000 0.000000 -0.000000 0.000000
0.000000 1.000000 -0.000000 0.000000
-0.000000 -0.000000 1.000000 -0.000000
0.000000 0.022503 -0.000000 1.000000
BoneName: mixamorig:LeftHandMiddle1
BoneIndex: 24
BoneParentIndex: 13
BoneChildrenCount: 1
25
0.172800 0.936836 0.304104 0.000000
-0.297621 -0.244653 0.922804 0.000000
0.938915 -0.249968 0.236546 -0.000000
0.332888 -0.426278 -1.595481 1.000000
0.999326 0.031482 -0.018887 0.000000
-0.036380 0.780078 -0.624624 0.000000
-0.004931 0.624890 0.780697 -0.000000
-0.011050 0.110615 0.001790 1.000000
BoneName: mixamorig:LeftHandMiddle2
BoneIndex: 25
BoneParentIndex: 24
BoneChildrenCount: 1
26
0.172799 0.723716 0.668113 0.000000
-0.297620 -0.608244 0.735841 0.000000
0.938916 -0.325997 0.110289 -0.000000
0.332001 0.251956 -1.640518 1.000000
0.973434 -0.160466 0.163329 0.000000
0.147144 -0.108114 -0.983189 0.000000
0.175427 0.981102 -0.081631 -0.000000
0.000887 0.031129 0.000000 1.000000
BoneName: mixamorig:LeftHandMiddle3
BoneIndex: 26
BoneParentIndex: 25
BoneChildrenCount: 1
27
0.172799 0.673638 0.718577 0.000000
-0.297620 -0.659738 0.690049 0.000000
0.938916 -0.333103 0.086486 -0.000000
0.332394 0.339552 -1.620246 1.000000
0.992306 -0.105574 0.064668 0.000000
0.116793 0.624933 -0.771892 0.000000
0.041079 0.773507 0.632456 -0.000000
-0.000394 0.030163 0.000000 1.000000
BoneName: mixamorig:LeftHandMiddle4
BoneIndex: 27
BoneParentIndex: 26
BoneChildrenCount: 1
28
0.172800 0.673638 0.718577 0.000000
-0.297620 -0.659738 0.690049 0.000000
0.938916 -0.333103 0.086485 -0.000000
0.332887 0.314873 -1.620246 1.000000
1.000000 0.000000 -0.000000 0.000000
0.000000 1.000000 -0.000000 0.000000
-0.000000 -0.000000 1.000000 -0.000000
-0.000493 0.024679 0.000000 1.000000
BoneName: mixamorig:LeftHandMiddle4_end
BoneIndex: 28
BoneParentIndex: 27
BoneChildrenCount: 0
1.000000 0.000000 0.000000 0.000000
0.000000 1.000000 0.000000 0.000000
0.000000 0.000000 1.000000 0.000000
0.000000 0.000000 0.000000 1.000000
1.000000 0.000000 -0.000000 0.000000
0.000000 1.000000 -0.000000 0.000000
-0.000000 -0.000000 1.000000 -0.000000
0.000000 0.024685 -0.000000 1.000000
BoneName: mixamorig:LeftHandRing1
BoneIndex: 29
BoneParentIndex: 13
BoneChildrenCount: 1
30
0.061923 0.922275 0.381541 0.000000
-0.269665 -0.352598 0.896078 0.000000
0.960961 -0.158376 0.226871 -0.000000
0.360656 -0.252609 -1.620159 1.000000
0.999976 -0.006693 -0.001627 0.000000
0.004214 0.781320 -0.624117 0.000000
0.005448 0.624095 0.781330 -0.000000
0.012609 0.107682 0.001175 1.000000
BoneName: mixamorig:LeftHandRing2
BoneIndex: 30
BoneParentIndex: 29
BoneChildrenCount: 1
31
0.061924 0.774732 0.629250 0.000000
-0.269665 -0.594026 0.757901 0.000000
0.960961 -0.216619 0.172134 -0.000000
0.360265 0.192937 -1.633151 1.000000
0.967594 -0.146852 0.205420 0.000000
0.132078 -0.399015 -0.907382 0.000000
0.215216 0.905109 -0.366689 -0.000000
0.000390 0.029332 0.000000 1.000000
BoneName: mixamorig:LeftHandRing3
BoneIndex: 31
BoneParentIndex: 30
BoneChildrenCount: 1
32
0.061923 0.599525 0.797957 0.000000
-0.269666 -0.759707 0.591713 0.000000
0.960961 -0.251823 0.114627 -0.000000
0.360305 0.554387 -1.544931 1.000000
0.986387 -0.137199 0.090645 0.000000
0.143599 0.450099 -0.881357 0.000000
0.080122 0.882376 0.463674 -0.000000
-0.000038 0.028698 0.000000 1.000000
BoneName: mixamorig:LeftHandRing4
BoneIndex: 32
BoneParentIndex: 31
BoneChildrenCount: 1
33
0.061923 0.599525 0.797957 0.000000
-0.269665 -0.759707 0.591714 0.000000
0.960961 -0.251822 0.114627 -0.000000
0.360657 0.528562 -1.544930 1.000000
1.000000 0.000000 -0.000000 0.000000
0.000000 1.000000 -0.000000 0.000000
-0.000000 -0.000000 1.000000 -0.000000
-0.000352 0.025825 -0.000000 1.000000
BoneName: mixamorig:LeftHandRing4_end
BoneIndex: 33
BoneParentIndex: 32
BoneChildrenCount: 0
1.000000 0.000000 0.000000 0.000000
0.000000 1.000000 0.000000 0.000000
0.000000 0.000000 1.000000 0.000000
0.000000 0.000000 0.000000 1.000000
1.000000 0.000000 -0.000000 0.000000
0.000000 1.000000 -0.000000 0.000000
-0.000000 -0.000000 1.000000 -0.000000
0.000000 0.025827 -0.000000 1.000000
BoneName: mixamorig:LeftHandPinky1
BoneIndex: 34
BoneParentIndex: 13
BoneChildrenCount: 1
35
-0.175690 0.843957 0.506824 0.000000
-0.198285 -0.534617 0.821503 0.000000
0.964270 0.043834 0.261271 -0.000000
0.432733 0.084022 -1.615350 1.000000
0.986763 -0.132934 -0.092887 0.000000
0.029581 0.710707 -0.702866 0.000000
0.159451 0.690814 0.705232 -0.000000
0.031030 0.098046 0.002565 1.000000
BoneName: mixamorig:LeftHandPinky2
BoneIndex: 35
BoneParentIndex: 34
BoneChildrenCount: 1
36
-0.175689 0.652356 0.737269 0.000000
-0.198285 -0.757018 0.622580 0.000000
0.964270 -0.036809 0.262353 -0.000000
0.433019 0.539520 -1.523621 1.000000
0.966298 -0.188364 0.175462 0.000000
0.194705 0.088913 -0.976824 0.000000
0.168397 0.978066 0.122592 -0.000000
-0.000286 0.027931 -0.000000 1.000000
BoneName: mixamorig:LeftHandPinky3
BoneIndex: 36
BoneParentIndex: 35
BoneChildrenCount: 1
37
-0.175688 0.495731 0.850520 0.000000
-0.198285 -0.864071 0.462671 0.000000
0.964270 -0.087360 0.250103 -0.000000
0.432983 0.804183 -1.393350 1.000000
0.943182 -0.180044 0.279269 0.000000
0.161350 -0.486561 -0.858618 0.000000
0.290470 0.854893 -0.429866 -0.000000
0.000035 0.023076 0.000000 1.000000
BoneName: mixamorig:LeftHandPinky4
BoneIndex: 37
BoneParentIndex: 36
BoneChildrenCount: 1
38
-0.175688 0.495731 0.850520 0.000000
-0.198285 -0.864071 0.462671 0.000000
0.964270 -0.087360 0.250103 -0.000000
0.432732 0.783908 -1.393350 1.000000
1.000000 0.000000 -0.000000 0.000000
0.000000 1.000000 -0.000000 0.000000
-0.000000 -0.000000 1.000000 -0.000000
0.000251 0.020276 0.000000 1.000000
BoneName: mixamorig:LeftHandPinky4_end
BoneIndex: 38
BoneParentIndex: 37
BoneChildrenCount: 0
1.000000 0.000000 0.000000 0.000000
0.000000 1.000000 0.000000 0.000000
0.000000 0.000000 1.000000 0.000000
0.000000 0.000000 0.000000 1.000000
1.000000 0.000000 -0.000000 0.000000
0.000000 1.000000 -0.000000 0.000000
-0.000000 -0.000000 1.000000 -0.000000
0.000000 0.020277 -0.000000 1.000000
BoneName: mixamorig:RightShoulder
BoneIndex: 39
BoneParentIndex: 5
BoneChildrenCount: 1
40
-0.023526 -0.965663 -0.258730 0.000000
0.072761 -0.259770 0.962925 0.000000
-0.997072 0.003828 0.076374 -0.000000
-0.089767 0.328326 -1.525887 1.000000
0.209544 -0.048137 -0.976614 0.000000
-0.963340 -0.181290 -0.197760 0.000000
-0.167531 0.982251 -0.084361 -0.000000
-0.079853 0.144082 0.001872 1.000000
BoneName: mixamorig:RightArm
BoneIndex: 40
BoneParentIndex: 39
BoneChildrenCount: 1
41
-0.072861 -0.988970 -0.128955 0.000000
0.059387 -0.133371 0.989285 0.000000
-0.995573 0.064422 0.068449 -0.000000
-0.081272 -0.035197 -1.534733 1.000000
0.639950 -0.558425 0.527850 0.000000
0.735822 0.247392 -0.630368 0.000000
0.221427 0.791807 0.569220 -0.000000
-0.000000 0.164434 0.000000 1.000000
BoneName: mixamorig:RightForeArm
BoneIndex: 41
BoneParentIndex: 40
BoneChildrenCount: 1
42
0.145777 -0.988858 -0.030151 0.000000
0.087187 -0.017517 0.996038 0.000000
-0.985468 -0.147828 0.083662 -0.000000
-0.026210 -0.406313 -1.501611 1.000000
-0.268854 -0.958424 0.095607 0.000000
0.959194 -0.275441 -0.063861 0.000000
0.087540 0.074536 0.993369 -0.000000
-0.000000 0.206880 -0.000000 1.000000
BoneName: mixamorig:RightHand
BoneIndex: 42
BoneParentIndex: 41
BoneChildrenCount: 5
43
48
53
58
63
0.184810 -0.941896 -0.280496 0.000000
0.305690 -0.216160 0.927269 0.000000
-0.934023 -0.257114 0.247980 -0.000000
-0.322454 -0.362212 -1.580517 1.000000
0.977483 -0.199674 0.068238 0.000000
0.208388 0.964301 -0.163397 0.000000
-0.033176 0.173937 0.984198 -0.000000
0.000000 0.284835 0.000000 1.000000
BoneName: mixamorig:RightHandThumb1
BoneIndex: 43
BoneParentIndex: 42
BoneChildrenCount: 1
44
0.747515 -0.488492 -0.450107 0.000000
0.373091 -0.251866 0.892954 0.000000
-0.549568 -0.835428 -0.006022 -0.000000
-0.014762 -0.024658 -1.653085 1.000000
0.652710 -0.748973 0.114058 0.000000
0.701629 0.540797 -0.463955 0.000000
0.285808 0.382854 0.878485 -0.000000
0.026987 0.030586 -0.012998 1.000000
BoneName: mixamorig:RightHandThumb2
BoneIndex: 44
BoneParentIndex: 43
BoneChildrenCount: 1
45
0.747514 -0.410466 -0.522245 0.000000
0.373091 -0.391037 0.841364 0.000000
-0.549569 -0.823777 -0.139164 -0.000000
-0.015545 0.205462 -1.641324 1.000000
0.720979 0.680315 0.131760 0.000000
-0.682643 0.729974 -0.033699 0.000000
-0.119108 -0.065649 0.990709 -0.000000
0.000783 0.034240 -0.000000 1.000000
BoneName: mixamorig:RightHandThumb3
BoneIndex: 45
BoneParentIndex: 44
BoneChildrenCount: 1
46
0.747515 -0.386849 -0.539972 0.000000
0.373091 -0.428044 0.823153 0.000000
-0.549568 -0.816778 -0.175640 -0.000000
-0.015014 0.242596 -1.632155 1.000000
0.921423 0.378786 -0.086608 0.000000
-0.313401 0.856254 0.410620 0.000000
0.229696 -0.351211 0.907684 -0.000000
-0.000530 0.035646 0.000000 1.000000
BoneName: mixamorig:RightHandThumb4
BoneIndex: 46
BoneParentIndex: 45
BoneChildrenCount: 1
47
0.747515 -0.386849 -0.539972 0.000000
0.373091 -0.428044 0.823153 0.000000
-0.549568 -0.816778 -0.175640 -0.000000
-0.014762 0.211726 -1.632154 1.000000
1.000000 0.000000 -0.000000 0.000000
0.000000 1.000000 -0.000000 0.000000
-0.000000 -0.000000 1.000000 -0.000000
-0.000253 0.030870 0.000000 1.000000
BoneName: mixamorig:RightHandThumb4_end
BoneIndex: 47
BoneParentIndex: 46
BoneChildrenCount: 0
1.000000 0.000000 0.000000 0.000000
0.000000 1.000000 0.000000 0.000000
0.000000 0.000000 1.000000 0.000000
0.000000 0.000000 0.000000 1.000000
1.000000 0.000000 -0.000000 0.000000
0.000000 1.000000 -0.000000 0.000000
-0.000000 -0.000000 1.000000 -0.000000
0.000000 0.030871 -0.000000 1.000000
BoneName: mixamorig:RightHandIndex1
BoneIndex: 48
BoneParentIndex: 42
BoneChildrenCount: 1
49
0.376858 -0.845785 -0.377657 0.000000
0.343995 -0.250763 0.904867 0.000000
-0.860026 -0.470919 0.196444 -0.000000
-0.250147 -0.353062 -1.630435 1.000000
0.997292 -0.072527 0.012161 0.000000
0.060824 0.720546 -0.690735 0.000000
0.041334 0.689604 0.723006 -0.000000
0.033294 0.107569 0.000082 1.000000
BoneName: mixamorig:RightHandIndex2
BoneIndex: 49
BoneParentIndex: 48
BoneChildrenCount: 1
50
0.376860 -0.705255 -0.600494 0.000000
0.343994 -0.495366 0.797672 0.000000
-0.860026 -0.507177 0.055920 -0.000000
-0.249365 0.093589 -1.671703 1.000000
0.986192 0.122023 -0.111964 0.000000
-0.116223 0.028340 -0.992819 0.000000
-0.117974 0.992123 0.042130 -0.000000
-0.000778 0.027766 0.000000 1.000000
BoneName: mixamorig:RightHandIndex3
BoneIndex: 50
BoneParentIndex: 49
BoneChildrenCount: 1
51
0.376860 -0.741937 -0.554532 0.000000
0.343995 -0.443751 0.827498 0.000000
-0.860026 -0.502607 0.087990 -0.000000
-0.249938 -0.039999 -1.672536 1.000000
0.997457 0.057211 -0.042507 0.000000
-0.069098 0.630022 -0.773497 0.000000
-0.017472 0.774467 0.632373 -0.000000
0.000572 0.027377 0.000000 1.000000
BoneName: mixamorig:RightHandIndex4
BoneIndex: 51
BoneParentIndex: 50
BoneChildrenCount: 1
52
0.376861 -0.741937 -0.554532 0.000000
0.343995 -0.443752 0.827498 0.000000
-0.860026 -0.502607 0.087990 -0.000000
-0.250144 -0.061854 -1.672536 1.000000
1.000000 0.000000 -0.000000 0.000000
0.000000 1.000000 -0.000000 0.000000
-0.000000 -0.000000 1.000000 -0.000000
0.000206 0.021855 -0.000000 1.000000
BoneName: mixamorig:RightHandIndex4_end
BoneIndex: 52
BoneParentIndex: 51
BoneChildrenCount: 0
1.000000 0.000000 0.000000 0.000000
0.000000 1.000000 0.000000 0.000000
0.000000 0.000000 1.000000 0.000000
0.000000 0.000000 0.000000 1.000000
1.000000 0.000000 -0.000000 0.000000
0.000000 1.000000 -0.000000 0.000000
-0.000000 -0.000000 1.000000 -0.000000
0.000000 0.021856 -0.000000 1.000000
BoneName: mixamorig:RightHandMiddle1
BoneIndex: 53
BoneParentIndex: 42
BoneChildrenCount: 1
54
0.187855 -0.918041 -0.349158 0.000000
0.306387 -0.282976 0.908873 0.000000
-0.933187 -0.277714 0.228118 -0.000000
-0.332396 -0.355366 -1.613762 1.000000
0.997821 -0.060065 0.027309 0.000000
0.064232 0.789577 -0.610281 0.000000
0.015094 0.610705 0.791714 -0.000000
0.011472 0.110134 0.002639 1.000000
BoneName: mixamorig:RightHandMiddle2
BoneIndex: 54
BoneParentIndex: 53
BoneChildrenCount: 1
55
0.187854 -0.723827 -0.663917 0.000000
0.306387 -0.599037 0.739784 0.000000
-0.933187 -0.342387 0.109240 -0.000000
-0.331547 0.236534 -1.642755 1.000000
0.984877 0.123717 -0.121292 0.000000
-0.108425 -0.105933 -0.988444 0.000000
-0.135136 0.986647 -0.090917 -0.000000
-0.000850 0.032400 -0.000000 1.000000
BoneName: mixamorig:RightHandMiddle3
BoneIndex: 55
BoneParentIndex: 54
BoneChildrenCount: 1
56
0.187855 -0.622034 -0.760122 0.000000
0.306387 -0.698171 0.647057 0.000000
-0.933187 -0.354445 0.059428 -0.000000
-0.331823 0.438075 -1.596678 1.000000
0.995040 0.084131 -0.053078 0.000000
-0.094161 0.624550 -0.775287 0.000000
-0.032076 0.776440 0.629374 -0.000000
0.000278 0.030020 -0.000000 1.000000
BoneName: mixamorig:RightHandMiddle4
BoneIndex: 56
BoneParentIndex: 55
BoneChildrenCount: 1
57
0.187856 -0.622034 -0.760121 0.000000
0.306387 -0.698171 0.647058 0.000000
-0.933187 -0.354445 0.059428 -0.000000
-0.332395 0.412691 -1.596678 1.000000
1.000000 0.000000 -0.000000 0.000000
0.000000 1.000000 -0.000000 0.000000
-0.000000 -0.000000 1.000000 -0.000000
0.000573 0.025385 -0.000000 1.000000
BoneName: mixamorig:RightHandMiddle4_end
BoneIndex: 57
BoneParentIndex: 56
BoneChildrenCount: 0
1.000000 0.000000 0.000000 0.000000
0.000000 1.000000 0.000000 0.000000
0.000000 0.000000 1.000000 0.000000
0.000000 0.000000 0.000000 1.000000
1.000000 0.000000 -0.000000 0.000000
0.000000 1.000000 -0.000000 0.000000
-0.000000 -0.000000 1.000000 -0.000000
0.000000 0.025391 -0.000000 1.000000
BoneName: mixamorig:RightHandRing1
BoneIndex: 58
BoneParentIndex: 42
BoneChildrenCount: 1
59
0.084511 -0.912288 -0.400734 0.000000
0.281206 -0.363989 0.887939 0.000000
-0.955919 -0.187729 0.225780 -0.000000
-0.357417 -0.231515 -1.625386 1.000000
0.999650 -0.024160 0.010816 0.000000
0.025734 0.791328 -0.610851 0.000000
0.006199 0.610915 0.791672 -0.000000
-0.013184 0.110959 0.001788 1.000000
BoneName: mixamorig:RightHandRing2
BoneIndex: 59
BoneParentIndex: 58
BoneChildrenCount: 1
60
0.084510 -0.739462 -0.667873 0.000000
0.281206 -0.625325 0.727937 0.000000
-0.955919 -0.249328 0.155095 -0.000000
-0.357040 0.265349 -1.624565 1.000000
0.981221 0.112318 -0.156815 0.000000
-0.100049 -0.398717 -0.911600 0.000000
-0.164914 0.910170 -0.379992 -0.000000
-0.000378 0.028752 -0.000000 1.000000
BoneName: mixamorig:RightHandRing3
BoneIndex: 60
BoneParentIndex: 59
BoneChildrenCount: 1
61
0.084512 -0.611284 -0.786886 0.000000
0.281205 -0.742979 0.607377 0.000000
-0.955919 -0.272607 0.109106 -0.000000
-0.357123 0.518801 -1.557850 1.000000
0.992362 0.101492 -0.070115 0.000000
-0.108706 0.450841 -0.885960 0.000000
-0.058308 0.886816 0.458430 -0.000000
0.000086 0.026949 -0.000000 1.000000
BoneName: mixamorig:RightHandRing4
BoneIndex: 61
BoneParentIndex: 60
BoneChildrenCount: 1
62
0.084512 -0.611284 -0.786886 0.000000
0.281205 -0.742979 0.607377 0.000000
-0.955919 -0.272607 0.109105 -0.000000
-0.357414 0.495196 -1.557849 1.000000
1.000000 0.000000 -0.000000 0.000000
0.000000 1.000000 -0.000000 0.000000
-0.000000 -0.000000 1.000000 -0.000000
0.000292 0.023604 0.000000 1.000000
BoneName: mixamorig:RightHandRing4_end
BoneIndex: 62
BoneParentIndex: 61
BoneChildrenCount: 0
1.000000 0.000000 0.000000 0.000000
0.000000 1.000000 0.000000 0.000000
0.000000 0.000000 1.000000 0.000000
0.000000 0.000000 0.000000 1.000000
1.000000 0.000000 -0.000000 0.000000
0.000000 1.000000 -0.000000 0.000000
-0.000000 -0.000000 1.000000 -0.000000
0.000000 0.023606 -0.000000 1.000000
BoneName: mixamorig:RightHandPinky1
BoneIndex: 63
BoneParentIndex: 42
BoneChildrenCount: 1
64
-0.116988 -0.879861 -0.460606 0.000000
0.223399 -0.475219 0.851035 0.000000
-0.967681 -0.003338 0.252155 -0.000000
-0.419497 -0.032509 -1.619355 1.000000
0.992497 0.078939 0.093372 0.000000
0.007426 0.723332 -0.690461 0.000000
-0.122043 0.685974 0.717318 -0.000000
-0.031581 0.098099 0.001524 1.000000
BoneName: mixamorig:RightHandPinky2
BoneIndex: 64
BoneParentIndex: 63
BoneChildrenCount: 1
65
-0.116988 -0.627982 -0.769384 0.000000
0.223399 -0.771490 0.595732 0.000000
-0.967681 -0.102186 0.230545 -0.000000
-0.419661 0.580382 -1.513010 1.000000
0.983501 0.132794 -0.122849 0.000000
-0.135123 0.087719 -0.986938 0.000000
-0.120284 0.987254 0.104215 -0.000000
0.000164 0.028559 -0.000000 1.000000
BoneName: mixamorig:RightHandPinky3
BoneIndex: 65
BoneParentIndex: 64
BoneChildrenCount: 1
66
-0.116988 -0.440401 -0.890147 0.000000
0.223399 -0.885000 0.408494 0.000000
-0.967681 -0.151069 0.201920 -0.000000
-0.419607 0.881002 -1.350429 1.000000
0.971704 0.125656 -0.200003 0.000000
-0.114960 -0.488099 -0.865184 0.000000
-0.206337 0.863696 -0.459842 -0.000000
-0.000055 0.023043 -0.000000 1.000000
BoneName: mixamorig:RightHandPinky4
BoneIndex: 66
BoneParentIndex: 65
BoneChildrenCount: 1
67
-0.116988 -0.440400 -0.890147 0.000000
0.223399 -0.885000 0.408494 0.000000
-0.967681 -0.151069 0.201919 -0.000000
-0.419498 0.861056 -1.350429 1.000000
1.000000 0.000000 -0.000000 0.000000
0.000000 1.000000 -0.000000 0.000000
-0.000000 -0.000000 1.000000 -0.000000
-0.000109 0.019946 -0.000000 1.000000
BoneName: mixamorig:RightHandPinky4_end
BoneIndex: 67
BoneParentIndex: 66
BoneChildrenCount: 0
1.000000 0.000000 0.000000 0.000000
0.000000 1.000000 0.000000 0.000000
0.000000 0.000000 1.000000 0.000000
0.000000 0.000000 0.000000 1.000000
1.000000 0.000000 -0.000000 0.000000
0.000000 1.000000 -0.000000 0.000000
-0.000000 -0.000000 1.000000 -0.000000
0.000000 0.019946 -0.000000 1.000000
BoneName: mixamorig:LeftUpLeg
BoneIndex: 68
BoneParentIndex: 2
BoneChildrenCount: 1
69
-0.994822 0.101486 0.000017 0.000000
-0.101306 -0.993069 0.059590 0.000000
0.006048 0.059282 0.998218 -0.000000
0.194449 0.956175 -0.037371 1.000000
-0.950910 -0.167469 -0.260240 0.000000
0.274276 -0.845540 -0.458078 0.000000
-0.143329 -0.506968 0.849965 -0.000000
0.096407 -0.061193 -0.005866 1.000000
BoneName: mixamorig:LeftLeg
BoneIndex: 69
BoneParentIndex: 68
BoneChildrenCount: 1
70
-0.993377 0.114595 -0.006457 0.000000
-0.114573 -0.986679 0.115490 0.000000
0.006847 0.115468 0.993283 -0.000000
0.201191 0.500084 -0.065716 1.000000
0.991138 -0.043199 0.125614 0.000000
-0.091254 0.465752 0.880198 0.000000
-0.096529 -0.883860 0.457682 -0.000000
-0.000000 0.450533 0.000000 1.000000
BoneName: mixamorig:LeftFoot
BoneIndex: 70
BoneParentIndex: 69
BoneChildrenCount: 1
71
-0.968192 0.250001 -0.008685 0.000000
-0.136947 -0.558777 -0.817933 0.000000
-0.209355 -0.790729 0.575245 -0.000000
0.210667 0.052894 0.052723 1.000000
0.991023 -0.133053 -0.013057 0.000000
0.005958 0.141519 -0.989918 0.000000
0.133559 0.980953 0.141041 -0.000000
0.000000 0.428238 -0.000000 1.000000
BoneName: mixamorig:LeftToeBase
BoneIndex: 71
BoneParentIndex: 70
BoneChildrenCount: 1
72
-0.963102 0.263842 0.052841 0.000000
-0.059570 -0.017560 -0.998070 0.000000
-0.262424 -0.964396 0.032631 -0.000000
0.204789 -0.134117 -0.001008 1.000000
0.994908 -0.002862 -0.100746 0.000000
-0.054815 0.823463 -0.564715 0.000000
0.084577 0.567362 0.819113 -0.000000
0.000000 0.165883 -0.000000 1.000000
BoneName: mixamorig:LeftToe_End
BoneIndex: 72
BoneParentIndex: 71
BoneChildrenCount: 1
73
-0.963102 0.263842 0.052842 0.000000
-0.059571 -0.017560 -0.998070 0.000000
-0.262424 -0.964396 0.032631 -0.000000
0.204789 -0.201266 -0.001008 1.000000
1.000000 0.000000 -0.000000 0.000000
0.000000 1.000000 -0.000000 0.000000
-0.000000 -0.000000 1.000000 -0.000000
0.000000 0.067148 -0.000000 1.000000
BoneName: mixamorig:LeftToe_End_end
BoneIndex: 73
BoneParentIndex: 72
BoneChildrenCount: 0
1.000000 0.000000 0.000000 0.000000
0.000000 1.000000 0.000000 0.000000
0.000000 0.000000 1.000000 0.000000
0.000000 0.000000 0.000000 1.000000
1.000000 0.000000 -0.000000 0.000000
0.000000 1.000000 -0.000000 0.000000
-0.000000 -0.000000 1.000000 -0.000000
0.000000 0.067149 -0.000000 1.000000
BoneName: mixamorig:RightUpLeg
BoneIndex: 74
BoneParentIndex: 2
BoneChildrenCount: 1
75
-0.994838 -0.101528 0.000005 0.000000
0.101388 -0.993459 0.052531 0.000000
-0.005334 0.052259 0.998621 -0.000000
-0.194503 0.956286 -0.032777 1.000000
-0.871657 0.354793 0.338136 0.000000
-0.454149 -0.844097 -0.285040 0.000000
0.184289 -0.402021 0.896892 -0.000000
-0.096407 -0.061193 -0.003589 1.000000
BoneName: mixamorig:RightLeg
BoneIndex: 75
BoneParentIndex: 74
BoneChildrenCount: 1
76
-0.993393 -0.114567 0.007543 0.000000
0.114656 -0.986423 0.117574 0.000000
-0.006035 0.117661 0.993037 -0.000000
-0.201247 0.500046 -0.065763 1.000000
0.975903 -0.217528 -0.017154 0.000000
0.116339 0.452199 0.884297 0.000000
-0.184603 -0.864984 0.466609 -0.000000
0.000000 0.450356 0.000000 1.000000
BoneName: mixamorig:RightFoot
BoneIndex: 76
BoneParentIndex: 75
BoneChildrenCount: 1
77
-0.968796 -0.247826 0.005355 0.000000
0.137149 -0.553884 -0.821220 0.000000
0.206479 -0.794858 0.570588 -0.000000
-0.210656 0.053090 0.052648 1.000000
0.925212 0.346772 0.154054 0.000000
0.111965 0.138423 -0.984024 0.000000
-0.362556 0.927679 0.089244 -0.000000
-0.000000 0.428346 -0.000000 1.000000
BoneName: mixamorig:RightToeBase
BoneIndex: 77
BoneParentIndex: 76
BoneChildrenCount: 1
78
-0.963372 -0.263945 -0.047529 0.000000
0.054080 -0.017609 -0.998381 0.000000
0.262675 -0.964380 0.031238 -0.000000
-0.204312 -0.135875 0.000178 1.000000
0.994951 0.000024 0.100367 0.000000
0.054190 0.841587 -0.537396 0.000000
-0.084480 0.540121 0.837336 -0.000000
-0.000000 0.167360 -0.000000 1.000000
BoneName: mixamorig:RightToe_End
BoneIndex: 78
BoneParentIndex: 77
BoneChildrenCount: 1
79
-0.963372 -0.263945 -0.047529 0.000000
0.054081 -0.017609 -0.998381 0.000000
0.262674 -0.964381 0.031238 -0.000000
-0.204312 -0.203006 0.000178 1.000000
1.000000 0.000000 -0.000000 0.000000
0.000000 1.000000 -0.000000 0.000000
-0.000000 -0.000000 1.000000 -0.000000
-0.000000 0.067132 0.000000 1.000000
BoneName: mixamorig:RightToe_End_end
BoneIndex: 79
BoneParentIndex: 78
BoneChildrenCount: 0
1.000000 0.000000 0.000000 0.000000
0.000000 1.000000 0.000000 0.000000
0.000000 0.000000 1.000000 0.000000
0.000000 0.000000 0.000000 1.000000
1.000000 0.000000 -0.000000 0.000000
0.000000 1.000000 -0.000000 0.000000
-0.000000 -0.000000 1.000000 -0.000000
0.000000 0.067132 -0.000000 1.000000
BoneName: Ch44
BoneIndex: 80
BoneParentIndex: 0
BoneChildrenCount: 0
1.000000 0.000000 0.000000 0.000000
0.000000 1.000000 0.000000 0.000000
0.000000 0.000000 1.000000 0.000000
0.000000 0.000000 0.000000 1.000000
1.000000 0.000000 -0.000000 0.000000
0.000000 1.000000 -0.000000 0.000000
-0.000000 -0.000000 1.000000 -0.000000
0.000000 0.000000 -0.000000 1.000000
